(2, 2)
(195, 95)
(60, 5), (66, 5), (66, 36), (60, 36)
(104, 47), (127, 27), (127, 5), (111, 5), (104, 15), (103, 15), (96, 5), (80, 5), (80, 27), (103, 47)
(51, 66), (50, 55), (48, 55), (47, 52), (45, 52), (45, 50), (36, 50), (31, 55), (31, 83), (36, 88), (45, 88), (50, 83), (50, 72), (43, 72), (43, 82), (37, 82), (37, 56), (43, 56), (43, 66)
(74, 61), (74, 52), (69, 52), (69, 50), (60, 50), (60, 52), (58, 52), (58, 55), (56, 55), (56, 64), (58, 64), (58, 68), (63, 68), (63, 71), (68, 71), (68, 73), (70, 73), (70, 82), (62, 82), (62, 77), (56, 77), (56, 83), (58, 83), (58, 86), (60, 86), (60, 88), (72, 88), (72, 86), (74, 86), (74, 83), (77, 83), (77, 72), (74, 72), (74, 69), (72, 69), (72, 67), (67, 67), (67, 65), (64, 65), (64, 62), (62, 62), (62, 56), (67, 56), (68, 61)
(95, 88), (101, 88), (101, 50), (95, 50)
(114, 50), (109, 55), (109, 66), (112, 66), (112, 69), (109, 69), (109, 83), (114, 88), (123, 88), (128, 83), (128, 69), (126, 69), (126, 66), (128, 66), (128, 55), (123, 50)
(117, 54), (121, 54), (121, 65), (117, 65)
(117, 72), (121, 72), (121, 83), (117, 83)
(136, 50), (155, 50), (155, 88), (136, 88)
(143, 54), (148, 54), (148, 83), (143, 83)
