(2, 2)
(197, 97)
(5, 32), (31, 64), (67, 65), (69, 33), (45, 8)
(60, 3), (80, 1), (85, 7), (83, 14)
(80, 32), (102, 12), (132, 8), (148, 45), (92, 28)
(90, 35), (100, 70), (130, 40)
(75, 60), (60, 80), (73, 94), (95, 80)
(100, 80), (130, 97), (180, 70), (160, 40)
(150, 30), (190, 30), (170, 45)
(150, 10), (190, 5), (150, 5)
(140, 20), (165, 18), (160, 25), (140, 25)
(170, 20), (198, 10), (190, 28), (165, 25)
(167, 50), (198, 45), (190, 60)
(80, 50), (90, 50), (90, 40)
(70, 50), (80, 50), (70, 40)
(40, 80), (30, 99), (20, 50)
